794669949
816026614
551325964
814361171
431876690
618155010
23029470
825158854
824803170
1902948
823655112
745651647
180962666
132079538
507681729
596730386
791666812
708107251
809941517
784125767
190240719
710240198
806980743
807174213
807393034
210721006
799012966
698837968
697344853
239555058
653592703
654890530
797901764
797901282
798146585
729351657
378910450
797172135
750666789
796898400
339428147
795338449
794119741
794166614
794454466
503109677
794760242
395240035
89966074
793181748
793111055
793182393
792498222
35594748
220996597
790996250
699623412
790738302
452634360
751211399
626138678
557680649
617919737
789185219
709046625
519092107
665045545
765045335
113170617
91574409
366097456
672684375
626472137
383678262
711684814
62553223
597248470
483106092
641888646
677012596
786894413
564867298
705729499
785930223
36723085
362731199
785037274
156208572
518884362
738529548
735401064
441939716
708468205
783316931
783255271
191129028
570549526
783216905
639391427
783534220
521903834
564838949
324850582
711363570
569032930
783567790
780671301
83408655
590844226
681447288
783667148
624743251
600706456
593746299
673453784
675793251
613041118
770171310
158104364
619458261
649524999
745896058
582526424
557925300
782689029
491765655
527989241
13799359
632758808
751643642
491065025
116065424
740880094
246651961
591721090
113660846
220344589
710912563
466652492
590963138
278714756
237002633
775694599
762044112
760330640
674401896
767693404
765791699
703517978
515651330
218372072
523203345
765309211
96271878
567872920
614852997
489778683
493288887
703144331
661680141
661533798
765455627
767586784
338312764
86465337
258783684
368401269
497026588
385690469
459383891
139431328
741550053
766932398
735265759
82464045
568735450
666418695
409882527
578804976
410275958
561335007
349858697
169769636
383873630
611382069
431417053
465102444
200723557
582297690
766200957
606132592
766013616
144000983
250353226
189150463
421069348
284122636
702723310
666828883
455012557
199180418
287208890
669994448
480296615
418648446
762185915
761656167
301422920
489666156
666792788
457349487
347753516
386382942
589619753
267166029
157484935
500493890
762290686
568408043
542067130
8977852
711935027
601039433
748750248
487571139
163099190
762246914
706862972
762012632
88393273
761823967
629552958
585772721
678993604
628485187
636566160
342585947
739184645
502355824
526331488
681344496
145191419
522924386
761642037
578357510
755703783
212550872
26003983
185882685
658155299
680858150
760074152
613165825
761408889
59614131
650436805
4843200
646671331
751899329
745744234
737240889
741391717
742427828
438113074
341239582
732987360
742308243
522975306
524313517
717389641
688835620
67843137
478801218
453388191
608692750
696158571
388895973
684017897
679235009
674661178
671718722
281346407
661222898
380614172
23506255
478679983
666235778
595117411
29286843
141188484
550901043
357522108
11268017
648397695
643033519
631155019
525036743
588072242
609387599
274413960
335423730
447280471
559501792
403955500
461657204
91672925
151258610
630736376
597383750
533818102
561956008
561544130
628837443
627469867
627243789
8872039
615301402
354682870
404912589
264846712
532079167
623158072
521357249
531433624
545950055
470529973
444339110
569275413
612330111
609885631
616398971
607290238
565185042
571000588
23606313
608282003
539843057
529182552
589950773
553091882
595229723
573301032
538008119
368903724
299458628
370996862
448770684
462427475
155565090
567441685
559558018
419138445
546537052
574599205
271975204
571236992
537956627
483147250
6124489
535662671
599895713
594273215
600980109
440623639
452593741
474957596
530906537
560183652
593078270
597258290
428590822
422424084
255670668
316507893
566376477
516937369
540191308
358811255
63938062
591486285
407851692
485555899
93467928
414366435
585988543
542262031
557737091
253783357
511476818
527194290
588777923
537164889
554886391
172984697
9352706
244330184
84061306
210051935
535735056
355909228
298662785
137745999
3266888
540121131
63881465
110570182
567073307
581969675
508411095
474255108
341140067
469168394
582707275
367259446
581679192
269034316
524924080
517341637
549715727
41521907
534320206
540403360
382123377
103258368
339260652
521765899
35626776
161781784
3291542
170835803
238409
271906197
543139653
561850835
578608370
331953700
92615288
577751820
102167865
516608470
578152067
398489135
193601581
488195322
299484818
153772129
479255447
179622585
473690515
306187904
577073887
151280215
576839325
509707619
576812354
138462029
465459707
209142929
487238087
557944572
517499267
306625961
498514944
242323092
13555302
306923831
188114721
550342074
374142964
518518357
561636482
467698813
314348548
391594430
535778022
568496782
574648385
157908980
570822857
150875693
503861624
539820221
543428722
27706982
572792718
144225882
147725859
327027997
497885886
364895486
216352886
566172291
418620621
225672962
403691981
569641364
566262462
539821564
537523344
144836176
262781754
412716683
516709733
225851069
390399248
203568643
479990512
486918982
431750725
171201124
249695321
94118912
478002916
410548778
90654660
348912837
338932122
522496913
378047436
281009192
419352371
79388570
408670722
502742661
539182765
155650824
525330433
384922729
360210034
2305557
172622830
288369093
540038787
108823006
177605124
245392787
562888388
429861970
302555382
431620414
451296608
391835162
305066936
448575179
312323548
560796464
461677723
456859190
351021257
564290657
504011045
504315287
268188998
69179281
445227290
35244438
69006870
556574030
273108788
4043662
22263943
10163222
343874123
74078760
32900961
258279312
511560769
520681799
557683154
110607930
2545433
561028197
408852574
527021406
557278052
40962694
454008276
541983613
429259352
174450176
503141826
395634637
281891011
503472289
178252925
430454635
234039951
93950331
314761907
330740590
557299607
58427464
389048894
377324803
59512268
553065577
116714911
517623918
229221300
334776242
44533949
158791821
14250826
521549440
201596863
473837561
528721836
191442205
553663694
67770489
275024183
551508608
407574480
522176339
529614444
415006351
81591919
552161676
10147298
137760422
474432543
552481878
499200774
251899252
220390462
512043993
531796332
332555075
544250039
538604973
538609270
373438092
420107508
508558713
230443552
344877266
267727367
502330568
3200190
279233493
548676235
453486320
424478329
549719762
359021892
196687795
302963999
308189627
360038912
548190213
218499600
549514133
62011202
251922513
32841986
49574019
29879193
449969240
549064792
509650347
526729193
523530437
293581067
293183328
120230226
431017306
136017334
155467531
497927580
79252635
147575990
433337670
358079613
362814476
516927031
545504759
544736371
479453562
455027390
545558635
2840563
533665198
516760108
410854058
104293309
680578
307964799
358939242
536763590
364871308
142783408
495957606
9004261
214460489
513170373
164080749
11289233
64949649
2705739
535263248
172548347
310669594
357055599
363537713
511122583
430202472
246838344
457565090
134833895
319140412
536923522
28414962
421493819
34208012
484839124
534852993
342168313
411653727
137301896
131662841
328462028
14239375
423202231
442395515
8215012
30135326
83693329
165495128
109601409
393287995
132477604
156453622
368372226
448999074
249081521
287815433
189075080
331840825
416137496
452005935
30268265
516287033
226912564
311187767
534596767
437116276
277521688
179152132
443565330
14643032
451285025
333348042
56390272
517752408
532674286
321320650
174698202
468459244
535732652
463023259
520485907
36013291
328067621
227109820
89555176
268972875
347343255
396680844
300534496
328922968
512892306
490372067
302703434
23858615
54824620
38050235
305179567
432889061
435773059
77110698
296996917
59368518
70595379
179482079
407450656
516027266
419652503
491256426
526524861
386789527
8241358
8435185
421234506
143331175
211960117
453283231
27792440
137558944
15163619
350723706
41950253
533100935
466214007
363097061
213478889
465436897
426633047
190606446
505211039
506094010
530835790
327238062
284343995
166574494
528799001
529120369
473778764
437014546
194700879
522326091
8655992
109813310
1858818
286518034
412901286
8213648
501923471
187510459
452960868
290888
489074518
216941836
410793943
460581475
246474341
528078918
465710234
170783861
362553497
164174792
217636431
13622418
4906897
27739604
25919735
519801613
10245333
333038061
271474593
58386203
167843677
28097721
7715161
508706186
35333110
510425464
275318133
501610071
519526204
477152111
411403938
461955077
142108821
168616628
312712560
523418228
271158079
465178392
395584550
506907013
441318535
521104177
504159858
492275594
445616786
456352400
452607764
23666825
239376757
116579665
520719451
341346790
156560923
506511743
355676258
69636710
366095373
431523499
454289416
418635794
5532643
356661932
508686694
381068484
244969107
483672316
416278752
372620545
237262705
485710787
387718652
160971772
436072814
316842913
499528395
493375941
249813984
391355601
267278077
463865715
452645856
509331895
391763672
465823934
383080445
10358635
358008718
386143658
390208181
295219400
302345519
246211089
491268599
494426489
14561601
500246404
344960921
313387400
442626643
377891615
493066736
319937450
511543430
68194880
357578137
505591695
512583374
508127778
461090741
80314619
29758683
342811314
335570985
305719775
298675482
263352333
56902391
486748235
463008060
273728654
2548765
306267665
358901474
418934031
424909497
436089081
493666563
265019809
514205063
499343972
74380196
147885638
409263019
414038370
482380295
396301988
193130675
177127003
429117774
515390405
212915266
188330835
504417581
274468114
512603894
32493846
35700746
506757259
502186878
288975651
84711544
486584677
146009483
476124776
55668987
502837604
316081365
511571414
504015708
457241508
214667704
172174535
275215027
182338436
507888799
5020158
510784390
456067523
379252196
409230078
223503959
67417471
249953599
123848262
509497714
190834344
75830874
300361159
65381078
253514209
345354531
392808238
350512725
473973441
396294228
341431582
386939685
193664812
505797188
137527310
330054542
56760490
91744475
3294844
275920065
435900919
467520682
381295915
419250728
419268794
451038848
267945196
499818457
374356406
449075327
324686480
408795249
198117138
440817506
435783866
407125617
55832953
430905821
328301419
200960339
393148575
191126687
469079033
476270119
477484749
455115002
497120406
446581507
447411984
194624030
484471718
379113164
365670782
462092137
475247632
386831418
494505276
274104569
459080139
472774322
356708021
138435360
478800109
434577769
33287494
20508216
399823374
395804400
433207374
490584631
292240969
457461105
121939949
491539499
351366740
400068111
486747505
486747240
279552722
180966932
324547999
124916626
463015519
410738776
477344617
387250933
482372766
295902235
456330362
403973047
487945411
319427982
183488839
479187896
79672984
483465218
474611651
461255365
7171171
274284765
280032876
454998401
115272743
202445007
428263746
392734597
202840584
458866255
21257559
435717373
366435734
4040749
155662513
1117679
255757048
6645001
120232944
374526938
25547460
99772766
95538294
87640462
476613560
69834978
217348570
445248086
412759858
215358755
389271013
451570138
339163719
121836737
38712231
60624515
431102348
180115517
453387290
248144713
211086008
364932345
422162197
411685560
189632680
423523115
236389184
275667847
481946406
60519745
481946941
224184123
393178262
288043673
133148308
455999340
399847367
481947556
481944065
205981290
300372725
220837170
400194428
135889547
82203466
191408300
373245870
14008325
194111337
98865628
60804057
476524304
461301311
429429795
1730657
478235937
457203339
395953892
442128809
37289670
475682141
389861030
475684913
476778851
474987039
166123569
471916662
430475133
468179131
455678733
234006472
384497197
329085393
388105848
432139038
473324159
419494642
24497225
412015025
31232746
292082361
53873812
462469612
266737994
472560762
295803405
147946210
21031636
224772246
452061603
10526536
39904499
377962488
398535088
462152988
471551336
342930453
471507507
352681620
430456382
378160443
442827393
459489288
195823371
268516959
285439726
463321022
320102278
463726924
455676630
389707647
361176762
470126853
391670659
459166145
416227888
69132910
391507232
309115586
205549370
87492630
421263073
379466157
446487417
241906135
206557783
318046980
461059247
412033836
420519499
263103697
462848522
274924391
405325063
383818749
201081823
300857460
32646164
423791613
189955309
106366088
86837659
102366320
370001426
241821027
19926378
84367957
374143651
52820777
280663638
312268100
434999248
192585625
457443383
276650308
143008428
337278191
304879747
454066870
319159277
444982525
451387525
428151374
374253421
176662987
435083350
446355456
236195
166746479
445867364
445762985
248755827
83917455
438885605
226602907
358922878
441488658
244838363
68520003
439066969
174014821
171188176
436811418
114507013
430854034
304420860
353952500
276460329
245358342
175807733
354921851
415933722
283407909
404604032
